$ANSIBLE_VAULT;1.1;AES256
39326432353164396235643738623537636231326336316166333738303163643839393033326136
3761643862303765636661646162353534623165336631620a356664323864666131643739393234
61373537373963666337613434336636396637626662643361366439376335316639306233663763
6235383635316430660a646361313466366537386330663232333535393266323862373632396234
30636262393432356131393434643836666234353136313238313065653130326166393063393162
38343435373137306161356665653938326231306536643762386136376361313065383433313238
35616236616331323461363737666235336239303565656336653231653532393539366663303862
36366234356238663466323837613836633563393639313665643533363135663035636633363034
34613533666161653439613231626339626139653663633339336239346134646564326362663466
37623837646632663037376236386665653863643534663062653833626637666433633066383636
37366233356634343462646463643231393065353131666537336234323139303634646532396238
30653431326663666465336666333632396131323237393737666230383931663565343263656164
36383766613832306437623064656166396263313861613734663833363231393330336666363630
63313162646134363961353236346633616638343661633963386437623462346136313537623133
30353339623064316135363938653330363231386639383036343865373231363262373266346635
33333665313239376436396665373338653436663666336133313231396231636634343037336634
61323164313734653539653537303230333163626336656131306437336363613330313863633662
63333931313563346232626561313136316562333530383963323938323537363063623339653537
61393635633364626237663666373863336234326365373336363531376465646135306161353062
66613736633035303166616362353863663763383265353932643362373231373230613866653264
66643266303635393435363532393866346135666238616438636665363965663030646436396337
66646235396162386363366236333363356662643239633230373535616332363461626562393130
39336533343131616266633962373534376665363736653263626238303931353836333064623230
61326461366464316531343433323461396332306234363830653530313536633935396662613435
35356130333135666132663334316333356565366130666364663430363533623030
